image: /home/esdl/feng_ws/src/my_car/web/static/lab0622.pgm
resolution: 0.050000
origin: [-12.293076, -8.120595, 0.000000]
negate: 0
occupied_thresh: 0.65
free_thresh: 0.196

