image: /home/user/jin_ws/src/my_car/web/static/test0223.pgm
resolution: 0.050000
origin: [-3.250004, -2.739748, 0.000000]
negate: 0
occupied_thresh: 0.65
free_thresh: 0.196

