image: /home/esdl/feng_ws/src/my_car/web/static/0622.pgm
resolution: 0.050000
origin: [-8.250052, -4.439793, 0.000000]
negate: 0
occupied_thresh: 0.65
free_thresh: 0.196

